!MOLECULE
Na37Cl
!MOLECULAR WEIGHT
	60
! NUMBER OF ENERGY LEVELS
	41
!LEVEL + ENERGIES(cm^-1) + WEIGHT + J + v (or other quantum numbers)
           1      0.000000      16.0     0     0
           2      0.425207      48.0     1     0
           3      1.275614      80.0     2     0
           4      2.551208     112.0     3     0
           5      4.251967     144.0     4     0
           6      6.377861     176.0     5     0
           7      8.928856     208.0     6     0
           8     11.904907     240.0     7     0
           9     15.305964     272.0     8     0
          10     19.131972     304.0     9     0
          11     23.382865     336.0    10     0
          12     28.058570     368.0    11     0
          13     33.159009     400.0    12     0
          14     38.684097     432.0    13     0
          15     44.633740     464.0    14     0
          16     51.007837     496.0    15     0
          17     57.806280     528.0    16     0
          18     65.028957     560.0    17     0
          19     72.675744     592.0    18     0
          20     80.746511     624.0    19     0
          21     89.241124     656.0    20     0
          22     98.159437     688.0    21     0
          23    107.501302     720.0    22     0
          24    117.266560     752.0    23     0
          25    127.455045     784.0    24     0
          26    138.066587     816.0    25     0
          27    149.101004     848.0    26     0
          28    160.558112     880.0    27     0
          29    172.437715     912.0    28     0
          30    184.739615     944.0    29     0
          31    197.463601     976.0    30     0
          32    210.609460    1008.0    31     0
          33    224.176968    1040.0    32     0
          34    238.165897    1072.0    33     0
          35    252.576008    1104.0    34     0
          36    267.407058    1136.0    35     0
          37    282.658797    1168.0    36     0
          38    298.330966    1200.0    37     0
          39    314.423298    1232.0    38     0
          40    330.935522    1264.0    39     0
          41    347.867358    1296.0    40     0
! NUMBER OF RADIATIVE TRANSITIONS
	40
!TRANS + U + L + A(s^-1) + FREQ(GHz) + E_u/k(K)
   1     2     1        6.7611e-07         12.747385          0.611782          0.425207
   2     3     2        6.4906e-06         25.494560          1.835336          0.850407
   3     4     3         2.347e-05         38.241346          3.670642          1.275594
   4     5     4         5.769e-05         50.987472          6.117671          1.700759
   5     6     5        0.00011523         63.732699          9.176377          2.125894
   6     7     6        0.00020217         76.476906         12.846713          2.550995
   7     8     7        0.00032459         89.219764         17.128614          2.976051
   8     9     8        0.00048854        101.961124         22.022007          3.401057
   9    10     9        0.00070012        114.700834         27.526813          3.826008
  10    11    10        0.00096536        127.438566         33.642939          4.250893
  11    12    11         0.0012903        140.174109         40.370278          4.675705
  12    13    12         0.0016811        152.907314         47.708718          5.100439
  13    14    13         0.0021437        165.637971         55.658137          5.525088
  14    15    14         0.0026841        178.365810         64.218400          5.949643
  15    16    15         0.0033084        191.090621         73.389362          6.374097
  16    17    16         0.0040226        203.812194         83.170866          6.798443
  17    18    17         0.0048327        216.530409         93.562753          7.222677
  18    19    18         0.0057447        229.244907        104.564843          7.646787
  19    20    19         0.0067646        241.955508        116.176950          8.070767
  20    21    20         0.0078984        254.662091        128.398880          8.494613
  21    22    21          0.009152        267.364298        141.230424          8.918313
  22    23    22          0.010531        280.062067        154.671368          9.341865
  23    24    23          0.012042        292.755070        168.721485          9.765258
  24    25    24          0.013691        305.443096        183.380534         10.188485
  25    26    25          0.015483        318.126026        198.648272         10.611542
  26    27    26          0.017425        330.803500        214.524437         11.034417
  27    28    27          0.019522        343.475457        231.008764         11.457108
  28    29    28           0.02178        356.141538        248.100970         11.879603
  29    30    29          0.024205        368.801684        265.800772         12.301900
  30    31    30          0.026803        381.455504        284.107865         12.723986
  31    32    31          0.029579        394.102938        303.021943         13.145859
  32    33    32           0.03254        406.743657        322.542683         13.567508
  33    34    33          0.035691        419.377541        342.669758         13.988929
  34    35    34          0.039038        432.004260        363.402824         14.410111
  35    36    35          0.042587        444.623693        384.741531         14.831050
  36    37    36          0.046343        457.235632        406.685520         15.251739
  37    38    37          0.050311        469.839807        429.234417         15.672169
  38    39    38          0.054499        482.435977        452.387839         16.092332
  39    40    39          0.058911        495.024022        476.145396         16.512224
  40    41    40          0.063552        507.603673        500.506685         16.931836
!NUMBER OF COLL PARTNERS
1
!COLLISIONS BETWEEN
1 Na37Cl and He, as calculated using the programme written by Yulia Kalugina described in Quintana Lacaci et al 2016 http://cdsads.u-strasbg.fr/abs/2016ApJ...818..192Q
!NUMBER OF COLL TRANS
780
!NUMBER OF COLL TEMPS
3
!COLL TEMPS
100 300 700
!TRANS + UP + LOW + COLLRATES(cm^3 s^-1)
1 2 1 2.3334e-11 1.94792e-11 2.90518e-11
2 3 1 2.58122e-11 3.36496e-11 4.18723e-11
3 3 2 4.13728e-11 3.9117e-11 5.25003e-11
4 4 1 7.42884e-12 8.74553e-12 9.79896e-12
5 4 2 3.97801e-11 5.57128e-11 7.13114e-11
6 4 3 5.14713e-11 5.31361e-11 6.57133e-11
7 5 1 3.84593e-12 7.26192e-12 1.01942e-11
8 5 2 1.80008e-11 2.31623e-11 2.37722e-11
9 5 3 4.68991e-11 6.41531e-11 8.14118e-11
10 5 4 5.48861e-11 6.03246e-11 7.48325e-11
11 6 1 4.8574e-12 6.90093e-12 6.42418e-12
12 6 2 8.86592e-12 1.46915e-11 1.99168e-11
13 6 3 2.27647e-11 3.18219e-11 3.3684e-11
14 6 4 5.19805e-11 7.0346e-11 8.69566e-11
15 6 5 5.56183e-11 6.14662e-11 7.82167e-11
16 7 1 2.21312e-12 2.92651e-12 3.67627e-12
17 7 2 1.05987e-11 1.66859e-11 1.6669e-11
18 7 3 1.25954e-11 1.97672e-11 2.48227e-11
19 7 4 2.46213e-11 3.48172e-11 3.84241e-11
20 7 5 5.44519e-11 7.51211e-11 9.23183e-11
21 7 6 5.70593e-11 6.08953e-11 7.84303e-11
22 8 1 2.39759e-12 4.41429e-12 4.8125e-12
23 8 2 5.86729e-12 7.52646e-12 8.19548e-12
24 8 3 1.32062e-11 2.10944e-11 2.23483e-11
25 8 4 1.44245e-11 2.37345e-11 2.93245e-11
26 8 5 2.66229e-11 3.56687e-11 3.99411e-11
27 8 6 5.67281e-11 7.75815e-11 9.64954e-11
28 8 7 5.83921e-11 6.0726e-11 7.85818e-11
29 9 1 1.73058e-12 2.14334e-12 1.90543e-12
30 9 2 5.12627e-12 9.49744e-12 1.11993e-11
31 9 3 7.90427e-12 1.11841e-11 1.20889e-11
32 9 4 1.5499e-11 2.29901e-11 2.4805e-11
33 9 5 1.61573e-11 2.58194e-11 3.28811e-11
34 9 6 2.83369e-11 3.64228e-11 4.09823e-11
35 9 7 5.86256e-11 7.84019e-11 9.85775e-11
36 9 8 5.95693e-11 6.07785e-11 7.9364e-11
37 10 1 1.09646e-12 2.05606e-12 2.77362e-12
38 10 2 4.02562e-12 5.80858e-12 5.4481e-12
39 10 3 7.26329e-12 1.18202e-11 1.43179e-11
40 10 4 9.70052e-12 1.32536e-11 1.52383e-11
41 10 5 1.73939e-11 2.43813e-11 2.64573e-11
42 10 6 1.76397e-11 2.64834e-11 3.46705e-11
43 10 7 2.98007e-11 3.71229e-11 4.23316e-11
44 10 8 6.02254e-11 7.87719e-11 9.95582e-11
45 10 9 6.06076e-11 6.06252e-11 7.98551e-11
46 11 1 9.92038e-13 1.74976e-12 1.73558e-12
47 11 2 2.98973e-12 4.34216e-12 6.0721e-12
48 11 3 5.88427e-12 8.084e-12 8.42929e-12
49 11 4 9.01927e-12 1.33726e-11 1.63396e-11
50 11 5 1.12247e-11 1.40242e-11 1.68942e-11
51 11 6 1.899e-11 2.55093e-11 2.81646e-11
52 11 7 1.89179e-11 2.67292e-11 3.54864e-11
53 11 8 3.10664e-11 3.74851e-11 4.32807e-11
54 11 9 6.15969e-11 7.91316e-11 1.00453e-10
55 11 10 6.15302e-11 6.03787e-11 7.98031e-11
56 12 1 9.05774e-13 8.94048e-13 1.34259e-12
57 12 2 2.72767e-12 4.23316e-12 4.79747e-12
58 12 3 4.58154e-12 5.72196e-12 8.08062e-12
59 12 4 7.44552e-12 9.11049e-12 1.01368e-11
60 12 5 1.05054e-11 1.45596e-11 1.82133e-11
61 12 6 1.25379e-11 1.43499e-11 1.76672e-11
62 12 7 2.03605e-11 2.62111e-11 2.94044e-11
63 12 8 2.00351e-11 2.69575e-11 3.62178e-11
64 12 9 3.21755e-11 3.76537e-11 4.36385e-11
65 12 10 6.27909e-11 7.94713e-11 1.01324e-10
66 12 11 6.23569e-11 6.0176e-11 7.96152e-11
67 13 1 8.33312e-13 1.10057e-12 1.4741e-12
68 13 2 2.50799e-12 2.12012e-12 3.20235e-12
69 13 3 4.20741e-12 5.48232e-12 6.72992e-12
70 13 4 5.95018e-12 6.72468e-12 9.82979e-12
71 13 5 8.78841e-12 9.62444e-12 1.10078e-11
72 13 6 1.17901e-11 1.53065e-11 1.95877e-11
73 13 7 1.36867e-11 1.46124e-11 1.83359e-11
74 13 8 2.15566e-11 2.6652e-11 3.00331e-11
75 13 9 2.10241e-11 2.71709e-11 3.69327e-11
76 13 10 3.31591e-11 3.77827e-11 4.37921e-11
77 13 11 6.38442e-11 7.97642e-11 1.01917e-10
78 13 12 6.3104e-11 6.00436e-11 7.95735e-11
79 14 1 7.71585e-13 5.33774e-13 8.13471e-13
80 14 2 2.32114e-12 2.42613e-12 3.58325e-12
81 14 3 3.89026e-12 2.9786e-12 4.74802e-12
82 14 4 5.49338e-12 6.14209e-12 7.81657e-12
83 14 5 7.14735e-12 7.3299e-12 1.11119e-11
84 14 6 9.96385e-12 1.00061e-11 1.17267e-11
85 14 7 1.29186e-11 1.57793e-11 2.03568e-11
86 14 8 1.47049e-11 1.48364e-11 1.89783e-11
87 14 9 2.26145e-11 2.69956e-11 3.0413e-11
88 14 10 2.19091e-11 2.73486e-11 3.7402e-11
89 14 11 3.40404e-11 3.79187e-11 4.40193e-11
90 14 12 6.47837e-11 8.0029e-11 1.02243e-10
91 14 13 6.37844e-11 5.99568e-11 7.96102e-11
92 15 1 7.18372e-13 5.37693e-13 9.34706e-13
93 15 2 2.16027e-12 1.35852e-12 2.25798e-12
94 15 3 3.61789e-12 3.1052e-12 4.81845e-12
95 15 4 5.10271e-12 3.4851e-12 5.89093e-12
96 15 5 6.6278e-12 6.60341e-12 8.67261e-12
97 15 6 8.20888e-12 7.68566e-12 1.18368e-11
98 15 7 1.10068e-11 1.03099e-11 1.23902e-11
99 15 8 1.39227e-11 1.61382e-11 2.08537e-11
100 15 9 1.56174e-11 1.50141e-11 1.93939e-11
101 15 10 2.35606e-11 2.7302e-11 3.08138e-11
102 15 11 2.27086e-11 2.75088e-11 3.76319e-11
103 15 12 3.48373e-11 3.80537e-11 4.42752e-11
104 15 13 6.56298e-11 8.02766e-11 1.02482e-10
105 15 14 6.44081e-11 5.9902e-11 7.95979e-11
106 16 1 6.72026e-13 3.77303e-13 6.95906e-13
107 16 2 2.02029e-12 1.17651e-12 2.189e-12
108 16 3 3.3814e-12 1.85861e-12 3.35986e-12
109 16 4 4.7646e-12 3.54346e-12 5.74596e-12
110 16 5 6.18028e-12 3.76303e-12 6.53902e-12
111 16 6 7.64065e-12 6.95317e-12 9.42593e-12
112 16 7 9.16065e-12 7.93773e-12 1.22974e-11
113 16 8 1.19426e-11 1.05455e-11 1.28301e-11
114 16 9 1.48255e-11 1.64473e-11 2.13359e-11
115 16 10 1.64427e-11 1.51675e-11 1.95869e-11
116 16 11 2.44148e-11 2.75761e-11 3.12081e-11
117 16 12 2.34366e-11 2.7661e-11 3.77862e-11
118 16 13 3.55634e-11 3.81855e-11 4.44522e-11
119 16 14 6.6398e-11 8.05102e-11 1.02747e-10
120 16 15 6.49835e-11 5.98692e-11 7.95207e-11
121 17 1 6.31297e-13 2.55742e-13 5.37445e-13
122 17 2 1.89738e-12 8.97834e-13 1.83535e-12
123 17 3 3.17409e-12 1.55087e-12 3.08136e-12
124 17 4 4.46899e-12 2.13373e-12 4.01392e-12
125 17 5 5.79051e-12 3.85595e-12 6.53227e-12
126 17 6 7.1483e-12 3.94334e-12 6.93822e-12
127 17 7 8.55397e-12 7.21755e-12 9.94621e-12
128 17 8 1.00219e-11 8.1477e-12 1.27325e-11
129 17 9 1.27899e-11 1.07415e-11 1.30521e-11
130 17 10 1.56445e-11 1.67172e-11 2.17903e-11
131 17 11 1.7195e-11 1.53089e-11 1.97075e-11
132 17 12 2.51921e-11 2.78237e-11 3.15051e-11
133 17 13 2.41042e-11 2.78079e-11 3.79692e-11
134 17 14 3.62294e-11 3.83121e-11 4.45418e-11
135 17 15 6.71005e-11 8.07277e-11 1.0302e-10
136 17 16 6.55169e-11 5.98542e-11 7.94408e-11
137 18 1 5.95223e-13 2.25842e-13 5.32608e-13
138 18 2 1.78859e-12 5.93341e-13 1.37562e-12
139 18 3 2.99085e-12 1.18775e-12 2.55224e-12
140 18 4 4.20828e-12 1.79799e-12 3.8166e-12
141 18 5 5.44779e-12 2.30458e-12 4.42e-12
142 18 6 6.7172e-12 4.08062e-12 7.08423e-12
143 18 7 8.02569e-12 4.08536e-12 7.30648e-12
144 18 8 9.38441e-12 7.43125e-12 1.02439e-11
145 18 9 1.08074e-11 8.32697e-12 1.31373e-11
146 18 10 1.3563e-11 1.09146e-11 1.31956e-11
147 18 11 1.6393e-11 1.69566e-11 2.21392e-11
148 18 12 1.78854e-11 1.54428e-11 1.98536e-11
149 18 13 2.59043e-11 2.80482e-11 3.17012e-11
150 18 14 2.472e-11 2.79469e-11 3.8166e-11
151 18 15 3.6844e-11 3.84348e-11 4.4607e-11
152 18 16 6.77469e-11 8.09281e-11 1.03258e-10
153 18 17 6.6014e-11 5.98517e-11 7.93948e-11
154 19 1 5.63049e-13 1.43038e-13 3.84021e-13
155 19 2 1.69162e-12 5.14986e-13 1.28732e-12
156 19 3 2.8277e-12 8.02762e-13 2.05354e-12
157 19 4 3.97657e-12 1.36212e-12 3.00645e-12
158 19 5 5.14397e-12 1.96265e-12 4.33262e-12
159 19 6 6.33633e-12 2.43159e-12 4.77902e-12
160 19 7 7.56104e-12 4.25452e-12 7.41536e-12
161 19 8 8.82695e-12 4.2018e-12 7.64588e-12
162 19 9 1.01449e-11 7.61473e-12 1.04502e-11
163 19 10 1.15286e-11 8.48404e-12 1.34432e-11
164 19 11 1.42731e-11 1.10725e-11 1.33546e-11
165 19 12 1.70814e-11 1.71711e-11 2.23821e-11
166 19 13 1.85228e-11 1.55678e-11 2.0013e-11
167 19 14 2.65608e-11 2.82548e-11 3.18587e-11
168 19 15 2.52911e-11 2.80761e-11 3.83346e-11
169 19 16 3.7414e-11 3.85526e-11 4.46863e-11
170 19 17 6.83449e-11 8.11132e-11 1.03454e-10
171 19 18 6.6479e-11 5.98573e-11 7.93759e-11
172 20 1 5.34174e-13 1.20333e-13 3.31054e-13
173 20 2 1.60464e-12 3.41745e-13 1.04421e-12
174 20 3 2.6815e-12 6.80153e-13 1.76248e-12
175 20 4 3.76925e-12 9.33269e-13 2.53354e-12
176 20 5 4.8727e-12 1.48482e-12 3.38839e-12
177 20 6 5.99721e-12 2.08138e-12 4.64078e-12
178 20 7 7.14885e-12 2.53098e-12 5.10272e-12
179 20 8 8.33474e-12 4.39929e-12 7.64752e-12
180 20 9 9.56343e-12 4.30127e-12 7.89563e-12
181 20 10 1.08455e-11 7.77805e-12 1.06566e-11
182 20 11 1.21946e-11 8.62366e-12 1.36499e-11
183 20 12 1.49291e-11 1.12163e-11 1.35205e-11
184 20 13 1.77181e-11 1.73665e-11 2.25793e-11
185 20 14 1.91142e-11 1.5683e-11 2.01472e-11
186 20 15 2.71691e-11 2.84455e-11 3.20167e-11
187 20 16 2.58232e-11 2.81965e-11 3.8469e-11
188 20 17 3.79451e-11 3.86642e-11 4.47765e-11
189 20 18 6.89008e-11 8.1285e-11 1.03628e-10
190 20 19 6.69157e-11 5.98677e-11 7.9366e-11
191 21 1 5.08117e-13 8.6248e-14 3.13916e-13
192 21 2 1.52617e-12 2.75933e-13 7.97337e-13
193 21 3 2.54972e-12 4.61592e-13 1.52393e-12
194 21 4 3.58262e-12 7.88612e-13 2.14259e-12
195 21 5 4.62895e-12 1.02027e-12 2.82052e-12
196 21 6 5.69322e-12 1.57643e-12 3.72313e-12
197 21 7 6.78047e-12 2.17539e-12 4.85075e-12
198 21 8 7.89655e-12 2.61286e-12 5.33967e-12
199 21 9 9.04834e-12 4.52574e-12 7.86901e-12
200 21 10 1.02442e-11 4.38827e-12 8.055e-12
201 21 11 1.14945e-11 7.92427e-12 1.08595e-11
202 21 12 1.28127e-11 8.75096e-12 1.38136e-11
203 21 13 1.55382e-11 1.13466e-11 1.36593e-11
204 21 14 1.83098e-11 1.75455e-11 2.27695e-11
205 21 15 1.96655e-11 1.57897e-11 2.02506e-11
206 21 16 2.77354e-11 2.8621e-11 3.21749e-11
207 21 17 2.63211e-11 2.83094e-11 3.85865e-11
208 21 18 3.84421e-11 3.8769e-11 4.48635e-11
209 21 19 6.94197e-11 8.14449e-11 1.03795e-10
210 21 20 6.73272e-11 5.98813e-11 7.93575e-11
211 22 1 4.84484e-13 6.49723e-14 2.03613e-13
212 22 2 1.45503e-12 2.03399e-13 8.08512e-13
213 22 3 2.43034e-12 3.71244e-13 1.15202e-12
214 22 4 3.41372e-12 5.37211e-13 1.81971e-12
215 22 5 4.40869e-12 8.6469e-13 2.4674e-12
216 22 6 5.41907e-12 1.08462e-12 3.01051e-12
217 22 7 6.44911e-12 1.64894e-12 3.97019e-12
218 22 8 7.50367e-12 2.25525e-12 5.04594e-12
219 22 9 8.58836e-12 2.68257e-12 5.48975e-12
220 22 10 9.70993e-12 4.63743e-12 8.08056e-12
221 22 11 1.08766e-11 4.46743e-12 8.17559e-12
222 22 12 1.20985e-11 8.05513e-12 1.10299e-11
223 22 13 1.33889e-11 8.86794e-12 1.39711e-11
224 22 14 1.61063e-11 1.14656e-11 1.37664e-11
225 22 15 1.88622e-11 1.77095e-11 2.29542e-11
226 22 16 2.01814e-11 1.58895e-11 2.03393e-11
227 22 17 2.82648e-11 2.87824e-11 3.23217e-11
228 22 18 2.67885e-11 2.84154e-11 3.87006e-11
229 22 19 3.89087e-11 3.88671e-11 4.49416e-11
230 22 20 6.99061e-11 8.15937e-11 1.03956e-10
231 22 21 6.77162e-11 5.98972e-11 7.93515e-11
232 23 1 4.62951e-13 5.01896e-14 2.2711e-13
233 23 2 1.39023e-12 1.53847e-13 5.37548e-13
234 23 3 2.32166e-12 2.74426e-13 1.12316e-12
235 23 4 3.26012e-12 4.33747e-13 1.44922e-12
236 23 5 4.20864e-12 5.89716e-13 2.01472e-12
237 23 6 5.17051e-12 9.21667e-13 2.70686e-12
238 23 7 6.14934e-12 1.13689e-12 3.1818e-12
239 23 8 7.14919e-12 1.70873e-12 4.13086e-12
240 23 9 8.17477e-12 2.32441e-12 5.22998e-12
241 23 10 9.23154e-12 2.74502e-12 5.60102e-12
242 23 11 1.03261e-11 4.73628e-12 8.25713e-12
243 23 12 1.14665e-11 4.54034e-12 8.29191e-12
244 23 13 1.26629e-11 8.17351e-12 1.11646e-11
245 23 14 1.39284e-11 8.97522e-12 1.41242e-11
246 23 15 1.66381e-11 1.15754e-11 1.38576e-11
247 23 16 1.93798e-11 1.78596e-11 2.31235e-11
248 23 17 2.06661e-11 1.59828e-11 2.04261e-11
249 23 18 2.87615e-11 2.8931e-11 3.24532e-11
250 23 19 2.7229e-11 2.85149e-11 3.88133e-11
251 23 20 3.93483e-11 3.89591e-11 4.50135e-11
252 23 21 7.03634e-11 8.1732e-11 1.0411e-10
253 23 22 6.8085e-11 5.99146e-11 7.93505e-11
254 24 1 4.43251e-13 3.81872e-14 1.55815e-13
255 24 2 1.33096e-12 1.1841e-13 5.49981e-13
256 24 3 2.22231e-12 2.09267e-13 8.14396e-13
257 24 4 3.11982e-12 3.21094e-13 1.32983e-12
258 24 5 4.02612e-12 4.77504e-13 1.6674e-12
259 24 6 4.94406e-12 6.30149e-13 2.18349e-12
260 24 7 5.87674e-12 9.66487e-13 2.86282e-12
261 24 8 6.82762e-12 1.18064e-12 3.34084e-12
262 24 9 7.80062e-12 1.76109e-12 4.25028e-12
263 24 10 8.8003e-12 2.38452e-12 5.38098e-12
264 24 11 9.83203e-12 2.80201e-12 5.70648e-12
265 24 12 1.09023e-11 4.82504e-12 8.39701e-12
266 24 13 1.2019e-11 4.6073e-12 8.40605e-12
267 24 14 1.31923e-11 8.28186e-12 1.12798e-11
268 24 15 1.44351e-11 9.07354e-12 1.42638e-11
269 24 16 1.71379e-11 1.16772e-11 1.39453e-11
270 24 17 1.98666e-11 1.79974e-11 2.32748e-11
271 24 18 2.11228e-11 1.60703e-11 2.05129e-11
272 24 19 2.92291e-11 2.90683e-11 3.25731e-11
273 24 20 2.76452e-11 2.86079e-11 3.89217e-11
274 24 21 3.97638e-11 3.90455e-11 4.50829e-11
275 24 22 7.07949e-11 8.18608e-11 1.04253e-10
276 24 23 6.84353e-11 5.99331e-11 7.93551e-11
277 25 1 4.25159e-13 2.91969e-14 1.41368e-13
278 25 2 1.27654e-12 9.1273e-14 4.27931e-13
279 25 3 2.13114e-12 1.61089e-13 7.57777e-13
280 25 4 2.99116e-12 2.4582e-13 1.01934e-12
281 25 5 3.85891e-12 3.55103e-13 1.50101e-12
282 25 6 4.73687e-12 5.09799e-13 1.80755e-12
283 25 7 5.62773e-12 6.62576e-13 2.33629e-12
284 25 8 6.53444e-12 1.00458e-12 2.97699e-12
285 25 9 7.46035e-12 1.21751e-12 3.46883e-12
286 25 10 8.40928e-12 1.80817e-12 4.36041e-12
287 25 11 9.38566e-12 2.43789e-12 5.4977e-12
288 25 12 1.03948e-11 2.85398e-12 5.80895e-12
289 25 13 1.14431e-11 4.90596e-12 8.51586e-12
290 25 14 1.25383e-11 4.66866e-12 8.50957e-12
291 25 15 1.36905e-11 8.38165e-12 1.1388e-11
292 25 16 1.49126e-11 9.16386e-12 1.43875e-11
293 25 17 1.76089e-11 1.17718e-11 1.4032e-11
294 25 18 2.03257e-11 1.81244e-11 2.34119e-11
295 25 19 2.15544e-11 1.61519e-11 2.0597e-11
296 25 20 2.96706e-11 2.91958e-11 3.26855e-11
297 25 21 2.80397e-11 2.86949e-11 3.90238e-11
298 25 22 4.01574e-11 3.91267e-11 4.51512e-11
299 25 23 7.12031e-11 8.19807e-11 1.04388e-10
300 25 24 6.8769e-11 5.99522e-11 7.93641e-11
301 26 1 4.08486e-13 2.2972e-14 1.29999e-13
302 26 2 1.2264e-12 6.98465e-14 3.43196e-13
303 26 3 2.04717e-12 1.24856e-13 6.33587e-13
304 26 4 2.87273e-12 1.90524e-13 9.22054e-13
305 26 5 3.70514e-12 2.71099e-13 1.15132e-12
306 26 6 4.54655e-12 3.81102e-13 1.65172e-12
307 26 7 5.39931e-12 5.3605e-13 1.90708e-12
308 26 8 6.26598e-12 6.88831e-13 2.45796e-12
309 26 9 7.14943e-12 1.03823e-12 3.07998e-12
310 26 10 8.05288e-12 1.24958e-12 3.56486e-12
311 26 11 8.98007e-12 1.85064e-12 4.46514e-12
312 26 12 9.93538e-12 2.4864e-12 5.5949e-12
313 26 13 1.0924e-11 2.90133e-12 5.90098e-12
314 26 14 1.19522e-11 4.98035e-12 8.62618e-12
315 26 15 1.30279e-11 4.72502e-12 8.5999e-12
316 26 16 1.41608e-11 8.47389e-12 1.14922e-11
317 26 17 1.53639e-11 9.24722e-12 1.4499e-11
318 26 18 1.80542e-11 1.18596e-11 1.41152e-11
319 26 19 2.07599e-11 1.8242e-11 2.35396e-11
320 26 20 2.19634e-11 1.62282e-11 2.06763e-11
321 26 21 3.00885e-11 2.93143e-11 3.27927e-11
322 26 22 2.84143e-11 2.87762e-11 3.91194e-11
323 26 23 4.05313e-11 3.92032e-11 4.52184e-11
324 26 24 7.15902e-11 8.20927e-11 1.04513e-10
325 26 25 6.90876e-11 5.99714e-11 7.93763e-11
326 27 1 3.93072e-13 1.75949e-14 8.84671e-14
327 27 2 1.18006e-12 5.52617e-14 3.40648e-13
328 27 3 1.96958e-12 9.66103e-14 4.95296e-13
329 27 4 2.76337e-12 1.46923e-13 7.69263e-13
330 27 5 3.56324e-12 2.11903e-13 1.06292e-12
331 27 6 4.3711e-12 2.90537e-13 1.24314e-12
332 27 7 5.189e-12 4.01205e-13 1.77078e-12
333 27 8 6.01918e-12 5.58602e-13 1.99485e-12
334 27 9 6.8641e-12 7.10984e-13 2.54828e-12
335 27 10 7.72654e-12 1.06815e-12 3.17648e-12
336 27 11 8.60967e-12 1.27848e-12 3.64279e-12
337 27 12 9.51714e-12 1.88899e-12 4.55828e-12
338 27 13 1.04533e-11 2.531e-12 5.6845e-12
339 27 14 1.14231e-11 2.94462e-12 5.9804e-12
340 27 15 1.24331e-11 5.04903e-12 8.73122e-12
341 27 16 1.34907e-11 4.77711e-12 8.68044e-12
342 27 17 1.4606e-11 8.55918e-12 1.15907e-11
343 27 18 1.57915e-11 9.32458e-12 1.46025e-11
344 27 19 1.84763e-11 1.19412e-11 1.41932e-11
345 27 20 2.11718e-11 1.83513e-11 2.36601e-11
346 27 21 2.2352e-11 1.62995e-11 2.07506e-11
347 27 22 3.04853e-11 2.94249e-11 3.28952e-11
348 27 23 2.87711e-11 2.88525e-11 3.92093e-11
349 27 24 4.08873e-11 3.92751e-11 4.52837e-11
350 27 25 7.19583e-11 8.21974e-11 1.04632e-10
351 27 26 6.93922e-11 5.99905e-11 7.93903e-11
352 28 1 3.78778e-13 1.40378e-14 9.77092e-14
353 28 2 1.13709e-12 4.31355e-14 2.32072e-13
354 28 3 1.89766e-12 7.56879e-14 4.82823e-13
355 28 4 2.66206e-12 1.15188e-13 6.2277e-13
356 28 5 3.43188e-12 1.62977e-13 8.634e-13
357 28 6 4.20882e-12 2.27586e-13 1.1729e-12
358 28 7 4.99469e-12 3.06591e-13 1.32197e-12
359 28 8 5.79145e-12 4.17516e-13 1.85872e-12
360 28 9 6.60125e-12 5.78227e-13 2.07609e-12
361 28 10 7.42649e-12 7.30619e-13 2.62047e-12
362 28 11 8.26988e-12 1.09484e-12 3.26133e-12
363 28 12 9.13451e-12 1.30501e-12 3.71397e-12
364 28 13 1.0024e-11 1.92379e-12 4.63822e-12
365 28 14 1.09425e-11 2.57225e-12 5.76974e-12
366 28 15 1.18953e-11 2.98451e-12 6.05052e-12
367 28 16 1.28883e-11 5.11249e-12 8.82978e-12
368 28 17 1.39295e-11 4.82559e-12 8.75515e-12
369 28 18 1.50284e-11 8.63819e-12 1.16822e-11
370 28 19 1.61978e-11 9.39658e-12 1.47004e-11
371 28 20 1.88773e-11 1.20171e-11 1.42659e-11
372 28 21 2.15633e-11 1.84529e-11 2.37744e-11
373 28 22 2.2722e-11 1.63663e-11 2.08206e-11
374 28 23 3.08627e-11 2.9528e-11 3.29926e-11
375 28 24 2.91115e-11 2.89241e-11 3.92943e-11
376 28 25 4.12269e-11 3.93428e-11 4.53466e-11
377 28 26 7.2309e-11 8.22956e-11 1.04744e-10
378 28 27 6.96841e-11 6.00094e-11 7.94057e-11
379 29 1 3.65488e-13 1.1277e-14 6.66442e-14
380 29 2 1.09714e-12 3.37551e-14 2.42807e-13
381 29 3 1.83083e-12 6.02963e-14 3.50567e-13
382 29 4 2.56794e-12 8.98097e-14 5.81014e-13
383 29 5 3.30992e-12 1.28159e-13 7.213e-13
384 29 6 4.05827e-12 1.75645e-13 9.41951e-13
385 29 7 4.8146e-12 2.39689e-13 1.25297e-12
386 29 8 5.58064e-12 3.20122e-13 1.39371e-12
387 29 9 6.35827e-12 4.31612e-13 1.92818e-12
388 29 10 7.14959e-12 5.95395e-13 2.14649e-12
389 29 11 7.95692e-12 7.48499e-13 2.68549e-12
390 29 12 8.78291e-12 1.11883e-12 3.33331e-12
391 29 13 9.63062e-12 1.32958e-12 3.78159e-12
392 29 14 1.05036e-11 1.9557e-12 4.70836e-12
393 29 15 1.1406e-11 2.6104e-12 5.84956e-12
394 29 16 1.23429e-11 3.02159e-12 6.1152e-12
395 29 17 1.33205e-11 5.17121e-12 8.92092e-12
396 29 18 1.43463e-11 4.87083e-12 8.82607e-12
397 29 19 1.54301e-11 8.71152e-12 1.1767e-11
398 29 20 1.65845e-11 9.46375e-12 1.47933e-11
399 29 21 1.92591e-11 1.2088e-11 1.43341e-11
400 29 22 2.19362e-11 1.85477e-11 2.38824e-11
401 29 23 2.30749e-11 1.6429e-11 2.08869e-11
402 29 24 3.12225e-11 2.96244e-11 3.30851e-11
403 29 25 2.94368e-11 2.89915e-11 3.93752e-11
404 29 26 4.15516e-11 3.94066e-11 4.5407e-11
405 29 27 7.26438e-11 8.23877e-11 1.0485e-10
406 29 28 6.99641e-11 6.00279e-11 7.94217e-11
407 30 1 3.53098e-13 8.56173e-15 6.47407e-14
408 30 2 1.0599e-12 2.79224e-14 1.82539e-13
409 30 3 1.76855e-12 4.68054e-14 3.41413e-13
410 30 4 2.48027e-12 7.18474e-14 4.42233e-13
411 30 5 3.19638e-12 1.00437e-13 6.60495e-13
412 30 6 3.91822e-12 1.37642e-13 7.91816e-13
413 30 7 4.64721e-12 1.8592e-13 1.01185e-12
414 30 8 5.3849e-12 2.49776e-13 1.31493e-12
415 30 9 6.13294e-12 3.31621e-13 1.45495e-12
416 30 10 6.89317e-12 4.44261e-13 1.98981e-12
417 30 11 7.66761e-12 6.10572e-13 2.20505e-12
418 30 12 8.45856e-12 7.65003e-13 2.7467e-12
419 30 13 9.26862e-12 1.14069e-12 3.39578e-12
420 30 14 1.01008e-11 1.3523e-12 3.84474e-12
421 30 15 1.09586e-11 1.98527e-12 4.77258e-12
422 30 16 1.18461e-11 2.64571e-12 5.92307e-12
423 30 17 1.27684e-11 3.05618e-12 6.17645e-12
424 30 18 1.37316e-11 5.22567e-12 9.00501e-12
425 30 19 1.47432e-11 4.91316e-12 8.8937e-12
426 30 20 1.5813e-11 8.77984e-12 1.18461e-11
427 30 21 1.69535e-11 9.52646e-12 1.48813e-11
428 30 22 1.96234e-11 1.21543e-11 1.43986e-11
429 30 23 2.22922e-11 1.86363e-11 2.39844e-11
430 30 24 2.34123e-11 1.6488e-11 2.09502e-11
431 30 25 3.15662e-11 2.97147e-11 3.31727e-11
432 30 26 2.97485e-11 2.90548e-11 3.94523e-11
433 30 27 4.18624e-11 3.94668e-11 4.54649e-11
434 30 28 7.2964e-11 8.24744e-11 1.04951e-10
435 30 29 7.02333e-11 6.00459e-11 7.94383e-11
436 31 1 3.41521e-13 7.40361e-15 5.5242e-14
437 31 2 1.02512e-12 2.10284e-14 1.61188e-13
438 31 3 1.71037e-12 3.88801e-14 2.73187e-13
439 31 4 2.39841e-12 5.62037e-14 4.18542e-13
440 31 5 3.09041e-12 7.98996e-14 5.07565e-13
441 31 6 3.78758e-12 1.08705e-13 7.29548e-13
442 31 7 4.4912e-12 1.45192e-13 8.45011e-13
443 31 8 5.20263e-12 1.94345e-13 1.07081e-12
444 31 9 5.92336e-12 2.58627e-13 1.36897e-12
445 31 10 6.65499e-12 3.41534e-13 1.50496e-12
446 31 11 7.3993e-12 4.55847e-13 2.04714e-12
447 31 12 8.15829e-12 6.2426e-13 2.25497e-12
448 31 13 8.93419e-12 7.80208e-13 2.80345e-12
449 31 14 9.72957e-12 1.1609e-12 3.45255e-12
450 31 15 1.05474e-11 1.37332e-12 3.90258e-12
451 31 16 1.13911e-11 2.0128e-12 4.83297e-12
452 31 17 1.22649e-11 2.67845e-12 5.99061e-12
453 31 18 1.31736e-11 3.08854e-12 6.2348e-12
454 31 19 1.41235e-11 5.27639e-12 9.08312e-12
455 31 20 1.51219e-11 4.95277e-12 8.95799e-12
456 31 21 1.61786e-11 8.84361e-12 1.19204e-11
457 31 22 1.7306e-11 9.58514e-12 1.49644e-11
458 31 23 1.99716e-11 1.22165e-11 1.44599e-11
459 31 24 2.26327e-11 1.87191e-11 2.40806e-11
460 31 25 2.37354e-11 1.65434e-11 2.10108e-11
461 31 26 3.18951e-11 2.97995e-11 3.32557e-11
462 31 27 3.00473e-11 2.91145e-11 3.9526e-11
463 31 28 4.21605e-11 3.95235e-11 4.55202e-11
464 31 29 7.32709e-11 8.25559e-11 1.05048e-10
465 31 30 7.04925e-11 6.00635e-11 7.94553e-11
466 32 1 3.30679e-13 5.50725e-15 4.30731e-14
467 32 2 9.92538e-13 1.81491e-14 1.47076e-13
468 32 3 1.6559e-12 2.96876e-14 2.34015e-13
469 32 4 2.3218e-12 4.62502e-14 3.38462e-13
470 32 5 2.99128e-12 6.32281e-14 4.83958e-13
471 32 6 3.66544e-12 8.60049e-14 5.5602e-13
472 32 7 4.34543e-12 1.15215e-13 7.87126e-13
473 32 8 5.03248e-12 1.51608e-13 8.90485e-13
474 32 9 5.7279e-12 2.01374e-13 1.11852e-12
475 32 10 6.43312e-12 2.66631e-13 1.41871e-12
476 32 11 7.1497e-12 3.50322e-13 1.54684e-12
477 32 12 7.8794e-12 4.66445e-13 2.09984e-12
478 32 13 8.62416e-12 6.36877e-13 2.29988e-12
479 32 14 9.38618e-12 7.94227e-13 2.85508e-12
480 32 15 1.0168e-11 1.17971e-12 3.50568e-12
481 32 16 1.09725e-11 1.39279e-12 3.95541e-12
482 32 17 1.18033e-11 2.03853e-12 4.89017e-12
483 32 18 1.26642e-11 2.70899e-12 6.05315e-12
484 32 19 1.35604e-11 3.11881e-12 6.29021e-12
485 32 20 1.44977e-11 5.32372e-12 9.15625e-12
486 32 21 1.54839e-11 4.9899e-12 9.01889e-12
487 32 22 1.65283e-11 8.90332e-12 1.19906e-11
488 32 23 1.76436e-11 9.6401e-12 1.50428e-11
489 32 24 2.0305e-11 1.22749e-11 1.45184e-11
490 32 25 2.29588e-11 1.87968e-11 2.41714e-11
491 32 26 2.40452e-11 1.65957e-11 2.10688e-11
492 32 27 3.22103e-11 2.98791e-11 3.33343e-11
493 32 28 3.03345e-11 2.91709e-11 3.95962e-11
494 32 29 4.24469e-11 3.95772e-11 4.55733e-11
495 32 30 7.35653e-11 8.26327e-11 1.05139e-10
496 32 31 7.07422e-11 6.00805e-11 7.94725e-11
497 33 1 3.20505e-13 4.73808e-15 4.30029e-14
498 33 2 9.61969e-13 1.38502e-14 1.12936e-13
499 33 3 1.60481e-12 2.51791e-14 2.13964e-13
500 33 4 2.24994e-12 3.59458e-14 2.94431e-13
501 33 5 2.89834e-12 5.15934e-14 3.86641e-13
502 33 6 3.55099e-12 6.85385e-14 5.37805e-13
503 33 7 4.20893e-12 9.09925e-14 5.96619e-13
504 33 8 4.87326e-12 1.20434e-13 8.33357e-13
505 33 9 5.54515e-12 1.57294e-13 9.3186e-13
506 33 10 6.2259e-12 2.07453e-13 1.15804e-12
507 33 11 6.91688e-12 2.7387e-13 1.46404e-12
508 33 12 7.61962e-12 3.58366e-13 1.58406e-12
509 33 13 8.33584e-12 4.76154e-13 2.14744e-12
510 33 14 9.06744e-12 6.48611e-13 2.34175e-12
511 33 15 9.81662e-12 8.07176e-13 2.90195e-12
512 33 16 1.05859e-11 1.19729e-12 3.55585e-12
513 33 17 1.13781e-11 1.41098e-12 4.00414e-12
514 33 18 1.21967e-11 2.06257e-12 4.94424e-12
515 33 19 1.30457e-11 2.73752e-12 6.11162e-12
516 33 20 1.39301e-11 3.14718e-12 6.34266e-12
517 33 21 1.48558e-11 5.36805e-12 9.22517e-12
518 33 22 1.58304e-11 5.02473e-12 9.07648e-12
519 33 23 1.68634e-11 8.95929e-12 1.20572e-11
520 33 24 1.79673e-11 9.69171e-12 1.51169e-11
521 33 25 2.06248e-11 1.23298e-11 1.45744e-11
522 33 26 2.32717e-11 1.88698e-11 2.42572e-11
523 33 27 2.43429e-11 1.6645e-11 2.11243e-11
524 33 28 3.25129e-11 2.99541e-11 3.3409e-11
525 33 29 3.06108e-11 2.92241e-11 3.96633e-11
526 33 30 4.27224e-11 3.96281e-11 4.56242e-11
527 33 31 7.38483e-11 8.27053e-11 1.05226e-10
528 33 32 7.09832e-11 6.0097e-11 7.94899e-11
529 34 1 3.10937e-13 3.75319e-15 3.23823e-14
530 34 2 9.33228e-13 1.15716e-14 1.10661e-13
531 34 3 1.55677e-12 1.9743e-14 1.69922e-13
532 34 4 2.18241e-12 3.00744e-14 2.63134e-13
533 34 5 2.81103e-12 4.051e-14 3.43608e-13
534 34 6 3.44352e-12 5.57792e-14 4.26301e-13
535 34 7 4.08082e-12 7.26147e-14 5.80549e-13
536 34 8 4.72393e-12 9.52922e-14 6.33033e-13
537 34 9 5.37391e-12 1.24802e-13 8.71292e-13
538 34 10 6.0319e-12 1.62349e-13 9.69203e-13
539 34 11 6.69914e-12 2.12948e-13 1.19278e-12
540 34 12 7.37698e-12 2.80437e-13 1.50461e-12
541 34 13 8.06693e-12 3.65828e-13 1.61855e-12
542 34 14 8.77067e-12 4.85072e-13 2.19036e-12
543 34 15 9.49008e-12 6.59594e-13 2.38124e-12
544 34 16 1.02273e-11 8.19263e-13 2.94495e-12
545 34 17 1.09849e-11 1.21371e-12 3.60317e-12
546 34 18 1.17656e-11 1.42798e-12 4.04958e-12
547 34 19 1.25729e-11 2.08508e-12 4.99525e-12
548 34 20 1.34108e-11 2.76428e-12 6.1667e-12
549 34 21 1.42842e-11 3.1738e-12 6.39221e-12
550 34 22 1.5199e-11 5.4096e-12 9.29039e-12
551 34 23 1.61628e-11 5.05749e-12 9.13094e-12
552 34 24 1.7185e-11 9.01186e-12 1.21206e-11
553 34 25 1.82782e-11 9.74025e-12 1.51869e-11
554 34 26 2.0932e-11 1.23815e-11 1.46279e-11
555 34 27 2.35723e-11 1.89385e-11 2.43386e-11
556 34 28 2.46292e-11 1.66915e-11 2.11774e-11
557 34 29 3.28038e-11 3.00249e-11 3.34802e-11
558 34 30 3.08769e-11 2.92745e-11 3.97272e-11
559 34 31 4.29878e-11 3.96762e-11 4.56732e-11
560 34 32 7.41206e-11 8.2774e-11 1.05308e-10
561 34 33 7.12161e-11 6.0113e-11 7.95074e-11
562 35 1 3.01925e-13 3.00223e-15 3.09511e-14
563 35 2 9.06155e-13 9.51527e-15 8.81363e-14
564 35 3 1.51153e-12 1.61623e-14 1.59934e-13
565 35 4 2.11883e-12 2.39339e-14 2.16074e-13
566 35 5 2.72884e-12 3.3752e-14 3.02881e-13
567 35 6 3.3424e-12 4.38698e-14 3.82195e-13
568 35 7 3.96035e-12 5.92703e-14 4.61288e-13
569 35 8 4.58359e-12 7.58919e-14 6.15145e-13
570 35 9 5.21309e-12 9.90245e-14 6.65542e-13
571 35 10 5.84987e-12 1.28673e-13 9.04273e-13
572 35 11 6.49503e-12 1.66865e-13 1.00226e-12
573 35 12 7.14979e-12 2.18013e-13 1.2247e-12
574 35 13 7.81548e-12 2.86414e-13 1.54088e-12
575 35 14 8.49357e-12 3.72816e-13 1.65099e-12
576 35 15 9.18572e-12 4.93381e-13 2.22952e-12
577 35 16 9.89379e-12 6.69849e-13 2.41846e-12
578 35 17 1.06199e-11 8.30558e-13 2.9849e-12
579 35 18 1.13665e-11 1.22909e-12 3.6477e-12
580 35 19 1.21365e-11 1.44397e-12 4.09239e-12
581 35 20 1.29332e-11 2.10618e-12 5.04329e-12
582 35 21 1.37607e-11 2.7894e-12 6.21886e-12
583 35 22 1.46237e-11 3.19883e-12 6.43903e-12
584 35 23 1.55284e-11 5.44863e-12 9.35229e-12
585 35 24 1.6482e-11 5.08834e-12 9.18254e-12
586 35 25 1.74941e-11 9.06131e-12 1.21809e-11
587 35 26 1.85772e-11 9.78597e-12 1.52533e-11
588 35 27 2.12274e-11 1.24302e-11 1.4679e-11
589 35 28 2.38616e-11 1.90033e-11 2.44158e-11
590 35 29 2.49049e-11 1.67356e-11 2.12282e-11
591 35 30 3.30838e-11 3.00917e-11 3.3548e-11
592 35 31 3.11336e-11 2.93222e-11 3.97883e-11
593 35 32 4.32438e-11 3.97219e-11 4.57202e-11
594 35 33 7.43831e-11 8.2839e-11 1.05387e-10
595 35 34 7.14413e-11 6.01285e-11 7.95248e-11
596 36 1 2.9342e-13 2.60693e-15 2.6461e-14
597 36 2 8.80609e-13 7.42285e-15 7.96382e-14
598 36 3 1.46885e-12 1.35486e-14 1.33329e-13
599 36 4 2.05885e-12 1.94758e-14 1.98945e-13
600 36 5 2.65135e-12 2.69216e-14 2.5211e-13
601 36 6 3.24708e-12 3.67105e-14 3.37327e-13
602 36 7 3.84684e-12 4.64548e-14 4.12956e-13
603 36 8 4.45145e-12 6.22163e-14 4.92173e-13
604 36 9 5.06176e-12 7.87187e-14 6.44824e-13
605 36 10 5.6787e-12 1.0229e-13 6.94012e-13
606 36 11 6.30329e-12 1.32202e-13 9.34279e-13
607 36 12 6.93658e-12 1.70918e-13 1.03148e-12
608 36 13 7.57978e-12 2.22745e-13 1.25451e-12
609 36 14 8.23418e-12 2.91965e-13 1.57374e-12
610 36 15 8.90123e-12 3.79333e-13 1.68148e-12
611 36 16 9.58258e-12 5.0113e-13 2.26575e-12
612 36 17 1.02801e-11 6.79463e-13 2.45345e-12
613 36 18 1.09958e-11 8.41196e-13 3.02244e-12
614 36 19 1.17322e-11 1.2435e-12 3.68957e-12
615 36 20 1.24921e-11 1.459e-12 4.13295e-12
616 36 21 1.32789e-11 2.12601e-12 5.08858e-12
617 36 22 1.40966e-11 2.81301e-12 6.26841e-12
618 36 23 1.49499e-11 3.22241e-12 6.48337e-12
619 36 24 1.58449e-11 5.48535e-12 9.41108e-12
620 36 25 1.6789e-11 5.11744e-12 9.23155e-12
621 36 26 1.77916e-11 9.1079e-12 1.22382e-11
622 36 27 1.88651e-11 9.82914e-12 1.53165e-11
623 36 28 2.15119e-11 1.24763e-11 1.47278e-11
624 36 29 2.41403e-11 1.90645e-11 2.44892e-11
625 36 30 2.51709e-11 1.67773e-11 2.12769e-11
626 36 31 3.33537e-11 3.01549e-11 3.36127e-11
627 36 32 3.13815e-11 2.93674e-11 3.98466e-11
628 36 33 4.34909e-11 3.97654e-11 4.57654e-11
629 36 34 7.46363e-11 8.29006e-11 1.05462e-10
630 36 35 7.16593e-11 6.01434e-11 7.9542e-11
631 37 1 2.85381e-13 1.961e-15 2.22634e-14
632 37 2 8.56464e-13 6.57885e-15 7.1681e-14
633 37 3 1.42851e-12 1.0508e-14 1.17373e-13
634 37 4 2.00219e-12 1.63614e-14 1.68686e-13
635 37 5 2.57815e-12 2.20441e-14 2.32141e-13
636 37 6 3.15709e-12 2.91321e-14 2.80549e-13
637 37 7 3.73972e-12 3.91297e-14 3.67389e-13
638 37 8 4.32679e-12 4.86088e-14 4.38951e-13
639 37 9 4.91909e-12 6.47285e-14 5.18991e-13
640 37 10 5.51745e-12 8.12502e-14 6.71549e-13
641 37 11 6.12279e-12 1.05165e-13 7.18901e-13
642 37 12 6.73606e-12 1.35482e-13 9.62098e-13
643 37 13 7.35833e-12 1.74661e-13 1.0577e-12
644 37 14 7.99077e-12 2.27143e-13 1.28239e-12
645 37 15 8.63465e-12 2.97126e-13 1.60397e-12
646 37 16 9.29142e-12 3.85443e-13 1.71009e-12
647 37 17 9.96267e-12 5.08437e-13 2.29967e-12
648 37 18 1.06503e-11 6.88468e-13 2.48631e-12
649 37 19 1.13562e-11 8.51192e-13 3.05795e-12
650 37 20 1.20831e-11 1.25704e-12 3.72898e-12
651 37 21 1.28336e-11 1.47314e-12 4.17153e-12
652 37 22 1.3611e-11 2.14468e-12 5.13137e-12
653 37 23 1.44194e-11 2.83525e-12 6.31551e-12
654 37 24 1.52637e-11 3.24465e-12 6.52548e-12
655 37 25 1.61496e-11 5.51994e-12 9.46694e-12
656 37 26 1.70846e-11 5.14496e-12 9.27824e-12
657 37 27 1.80782e-11 9.15189e-12 1.22928e-11
658 37 28 1.91427e-11 9.86992e-12 1.53766e-11
659 37 29 2.17863e-11 1.25199e-11 1.47745e-11
660 37 30 2.44091e-11 1.91223e-11 2.45591e-11
661 37 31 2.54276e-11 1.68169e-11 2.13234e-11
662 37 32 3.36142e-11 3.02148e-11 3.36745e-11
663 37 33 3.16211e-11 2.94104e-11 3.99024e-11
664 37 34 4.37298e-11 3.98066e-11 4.58088e-11
665 37 35 7.48808e-11 8.29592e-11 1.05534e-10
666 37 36 7.18707e-11 6.01578e-11 7.95591e-11
667 38 1 2.77771e-13 1.79016e-15 2.13957e-14
668 38 2 8.33608e-13 4.93953e-15 5.90692e-14
669 38 3 1.39034e-12 9.30537e-15 1.07192e-13
670 38 4 1.94856e-12 1.28197e-14 1.48936e-13
671 38 5 2.5089e-12 1.83779e-14 1.96481e-13
672 38 6 3.07197e-12 2.40757e-14 2.60785e-13
673 38 7 3.63844e-12 3.09068e-14 3.04274e-13
674 38 8 4.20899e-12 4.11332e-14 3.93293e-13
675 38 9 4.78434e-12 5.04912e-14 4.62098e-13
676 38 10 5.36526e-12 6.68883e-14 5.42254e-13
677 38 11 5.95255e-12 8.35825e-14 6.96146e-13
678 38 12 6.5471e-12 1.07793e-13 7.41024e-13
679 38 13 7.14986e-12 1.38512e-13 9.87966e-13
680 38 14 7.76187e-12 1.78123e-13 1.08167e-12
681 38 15 8.38426e-12 2.31261e-13 1.30844e-12
682 38 16 9.01832e-12 3.01999e-13 1.6322e-12
683 38 17 9.66546e-12 3.91161e-13 1.73689e-12
684 38 18 1.03273e-11 5.15299e-13 2.33169e-12
685 38 19 1.10056e-11 6.96935e-13 2.5172e-12
686 38 20 1.17024e-11 8.60609e-13 3.0917e-12
687 38 21 1.24202e-11 1.2698e-12 3.76617e-12
688 38 22 1.31618e-11 1.48647e-12 4.20825e-12
689 38 23 1.39305e-11 2.16228e-12 5.17194e-12
690 38 24 1.47302e-11 2.85621e-12 6.3603e-12
691 38 25 1.55658e-11 3.26569e-12 6.56561e-12
692 38 26 1.64431e-11 5.55261e-12 9.52006e-12
693 38 27 1.73696e-11 5.17098e-12 9.3228e-12
694 38 28 1.83547e-11 9.1935e-12 1.23449e-11
695 38 29 1.94106e-11 9.90854e-12 1.54339e-11
696 38 30 2.20511e-11 1.25612e-11 1.48191e-11
697 38 31 2.46687e-11 1.91771e-11 2.46258e-11
698 38 32 2.56758e-11 1.68546e-11 2.1368e-11
699 38 33 3.38658e-11 3.02716e-11 3.37336e-11
700 38 34 3.1853e-11 2.94513e-11 3.99559e-11
701 38 35 4.3961e-11 3.98459e-11 4.58506e-11
702 38 36 7.51173e-11 8.30148e-11 1.05602e-10
703 38 37 7.20757e-11 6.01717e-11 7.9576e-11
704 39 1 2.70556e-13 1.3403e-15 1.71838e-14
705 39 2 8.11942e-13 4.47383e-15 5.70586e-14
706 39 3 1.35415e-12 7.11171e-15 8.94179e-14
707 39 4 1.89774e-12 1.12096e-14 1.35042e-13
708 39 5 2.44328e-12 1.45934e-14 1.75899e-13
709 39 6 2.99135e-12 1.99397e-14 2.19446e-13
710 39 7 3.54254e-12 2.57047e-14 2.85272e-13
711 39 8 4.0975e-12 3.24126e-14 3.25162e-13
712 39 9 4.65688e-12 4.2807e-14 4.15615e-13
713 39 10 5.22137e-12 5.22008e-14 4.83238e-13
714 39 11 5.79171e-12 6.8835e-14 5.6278e-13
715 39 12 6.36871e-12 8.57151e-14 7.18888e-13
716 39 13 6.95322e-12 1.10204e-13 7.61108e-13
717 39 14 7.54617e-12 1.41339e-13 1.01202e-12
718 39 15 8.14858e-12 1.81394e-13 1.10397e-12
719 39 16 8.76159e-12 2.35104e-13 1.33275e-12
720 39 17 9.38644e-12 3.06572e-13 1.65879e-12
721 39 18 1.00245e-11 3.96537e-13 1.76203e-12
722 39 19 1.06775e-11 5.21765e-13 2.36205e-12
723 39 20 1.1347e-11 7.04919e-13 2.54633e-12
724 39 21 1.20353e-11 8.69486e-13 3.1238e-12
725 39 22 1.27446e-11 1.28182e-12 3.80139e-12
726 39 23 1.34778e-11 1.49905e-12 4.24322e-12
727 39 24 1.42382e-11 2.17894e-12 5.21054e-12
728 39 25 1.50297e-11 2.87602e-12 6.40293e-12
729 39 26 1.58571e-11 3.28558e-12 6.60392e-12
730 39 27 1.67263e-11 5.58352e-12 9.57062e-12
731 39 28 1.76447e-11 5.19565e-12 9.36538e-12
732 39 29 1.86217e-11 9.2329e-12 1.23946e-11
733 39 30 1.96696e-11 9.94513e-12 1.54885e-11
734 39 31 2.23071e-11 1.26005e-11 1.48619e-11
735 39 32 2.49197e-11 1.9229e-11 2.46894e-11
736 39 33 2.59159e-11 1.68903e-11 2.14108e-11
737 39 34 3.41092e-11 3.03255e-11 3.37901e-11
738 39 35 3.20776e-11 2.94902e-11 4.0007e-11
739 39 36 4.41849e-11 3.98833e-11 4.58908e-11
740 39 37 7.53463e-11 8.30677e-11 1.05668e-10
741 39 38 7.22747e-11 6.01851e-11 7.95925e-11
742 40 1 2.63706e-13 1.20006e-15 1.67043e-14
743 40 2 7.91373e-13 3.44978e-15 4.69895e-14
744 40 3 1.3198e-12 6.30691e-15 8.49259e-14
745 40 4 1.84951e-12 8.73919e-15 1.15158e-13
746 40 5 2.38102e-12 1.26347e-14 1.57851e-13
747 40 6 2.91487e-12 1.59718e-14 1.98791e-13
748 40 7 3.45161e-12 2.12231e-14 2.39448e-13
749 40 8 3.99182e-12 2.7021e-14 3.06221e-13
750 40 9 4.53611e-12 3.3753e-14 3.44078e-13
751 40 10 5.08511e-12 4.42875e-14 4.3518e-13
752 40 11 5.6395e-12 5.37416e-14 5.0267e-13
753 40 12 6.2e-12 7.05986e-14 5.81294e-13
754 40 13 6.7674e-12 8.76947e-14 7.39934e-13
755 40 14 7.34252e-12 1.12481e-13 7.79707e-13
756 40 15 7.92629e-12 1.43967e-13 1.03438e-12
757 40 16 8.51972e-12 1.84458e-13 1.12496e-12
758 40 17 9.12393e-12 2.38715e-13 1.3555e-12
759 40 18 9.74014e-12 3.10881e-13 1.68399e-12
760 40 19 1.03697e-11 4.01612e-13 1.78572e-12
761 40 20 1.10143e-11 5.27858e-13 2.3909e-12
762 40 21 1.16757e-11 7.12446e-13 2.57393e-12
763 40 22 1.23558e-11 8.77862e-13 3.15435e-12
764 40 23 1.30571e-11 1.29321e-12 3.8349e-12
765 40 24 1.37824e-11 1.51096e-12 4.27653e-12
766 40 25 1.45349e-11 2.19467e-12 5.24734e-12
767 40 26 1.53187e-11 2.89479e-12 6.44355e-12
768 40 27 1.61383e-11 3.30445e-12 6.64054e-12
769 40 28 1.69999e-11 5.61278e-12 9.61882e-12
770 40 29 1.79106e-11 5.21905e-12 9.40608e-12
771 40 30 1.88799e-11 9.27026e-12 1.2442e-11
772 40 31 1.992e-11 9.97985e-12 1.55407e-11
773 40 32 2.25547e-11 1.26377e-11 1.49029e-11
774 40 33 2.51625e-11 1.92783e-11 2.47501e-11
775 40 34 2.61484e-11 1.69244e-11 2.14519e-11
776 40 35 3.43447e-11 3.03768e-11 3.38442e-11
777 40 36 3.22954e-11 2.95272e-11 4.00561e-11
778 40 37 4.4402e-11 3.9919e-11 4.59294e-11
779 40 38 7.5568e-11 8.31181e-11 1.0573e-10
780 40 39 7.24681e-11 6.0198e-11 7.96088e-11
!----------------------
! All levels and radiative transition data taken from ExoMol files:
! 23Na-37Cl__Barton.trans and 23Na-37Cl__Barton.states
! See the ExoMol website (exomol.com) for more.
